No	IDp	JP	PP	PM	TR	H	K	P	M	S	TG	ALFI	ANDI	INCEP	OXI	ULTI	LDAS	Y	KP	KBAIRp	latitude	longitude
18	1	4552	0.78	1220	987	9.95	9.89	21.41	7.12	21.91	8.05	0.00	0.00	5.55	54.20	22.46	8855.89	6.82	1679.08	434197.46	107.3967	-6.6221
31	2	5936	1.01	1890	1667	15.24	0.00	19.53	0.00	29.68	1.92	0.00	0.00	0.00	0.00	76.19	1486.14	3.29	1289.85	55973.33	107.3268	-6.5706
44	3	7380	1.26	850	2934	32.27	14.43	5.36	0.00	24.43	4.23	0.00	0.00	0.00	0.00	90.52	1200.40	8.76	3232.25	113295.97	107.3842	-6.5848
89	4	4989	0.85	1266	1395	13.76	4.87	19.33	4.12	26.72	7.85	0.00	0.00	2.96	25.42	54.50	3180.86	5.39	1460	135060	107.3584	-6.5791
13	5	2968	0.51	1320	615	3.33	0.00	24.20	12.33	34.83	3.57	0.00	0.00	1.69	60.49	21.62	2880.46	4.39	592.37	49823.57	107.3299	-6.6394
27	6	4110	0.70	1052	772	8.04	0.00	26.14	1.14	22.73	21.51	0.00	0.00	7.55	12.42	61.69	1481.43	3.67	508.81	22010.17	107.3237	-6.6033
22	7	6000	1.02	2632	2827	9.03	0.41	43.42	5.51	19.78	0.06	0.00	0.00	35.45	50.98	0.00	7735.76	1.57	214.61	48478.00	107.2487	-6.6527
6	8	1575	0.27	1504	750	15.66	0.00	42.25	0.00	18.72	0.00	0.00	0.00	75.48	0.00	5.30	2163.31	3.64	490.40	30977.64	107.2664	-6.6008
30	9	1990	0.34	1208	642	30.39	0.00	34.34	0.62	11.83	2.35	0.00	0.00	81.08	0.00	2.70	12884.27	0.73	196.89	74074.12	107.2832	-6.5488
25	10	8634	1.47	2648	2020	2.08	0.45	0.00	18.13	37.15	42.20	0.00	0.00	5.35	94.65	0.00	3216.97	2.14	388.13	36459.47	107.5310	-7.0460
60	11	6505	1.11	4383	1140	59.31	0.70	3.52	3.17	17.73	14.86	0.00	66.18	0.00	33.82	0.00	5887.10	2.22	489.44	84137.20	107.4916	-7.1309
24	12	8963	1.53	2188	3659	27.89	36.75	0.00	5.37	11.22	17.97	0.00	33.82	0.00	66.18	0.00	3642.79	5.01	1068.44	113649.77	107.4357	-7.0795
91	13	8262	1.41	3400	2459	34.53	21.08	2.59	7.30	17.11	10.75	0.00	46.51	1.21	48.72	0.00	4545.21	4.04	868	112699	107.4824	-7.0773
36	14	11399	1.94	4620	3680	47.21	0.82	6.86	14.58	14.85	2.19	0.00	86.06	3.88	9.14	0.00	7170.33	4.57	1025.00	214608.98	107.4322	-7.1363
76	15	6970	1.19	1540	1515	0.00	76.11	0.00	17.61	1.84	0.00	0.00	0.00	94.49	0.00	0.00	968.77	4.37	827.51	23408.64	107.5418	-7.0090
45	16	8733	1.49	2392	1169	0.00	67.99	0.00	2.97	26.78	0.00	0.00	0.00	97.58	0.00	0.00	2382.74	9.64	1747.09	121555.61	107.5168	-6.9811
78	17	10807	1.84	2108	2511	0.00	21.09	0.00	21.76	32.84	0.00	0.00	0.00	59.28	14.82	0.00	1712.19	19.98	2645.94	132286.22	107.5097	-7.0088
69	18	6182	1.05	2408	1357	3.71	46.05	0.00	6.09	24.64	7.99	0.00	0.00	0.95	85.73	0.00	1480.60	4.35	888.22	38401.05	107.4894	-7.0568
2	19	6583	1.12	2416	1637	0.00	98.44	0.00	0.00	0.00	0.00	0.00	0.00	91.15	7.29	0.00	577.04	1.70	286.73	4831.29	107.4917	-7.0241
34	20	4303	0.73	2172	2688	50.27	9.95	0.00	8.95	13.82	16.36	0.00	86.38	0.00	13.62	0.00	4012.70	4.00	430.86	50483.86	107.7631	-6.8611
38	21	8537	1.46	1892	890	25.64	0.00	0.00	18.31	11.57	39.71	0.00	9.61	45.39	43.49	0.00	4248.37	11.79	1018.68	126369.18	107.7666	-6.9242
79	22	16531	2.82	1536	5501	31.64	4.87	0.00	18.81	18.36	24.12	0.00	24.34	39.60	36.06	0.00	2909.01	13.72	1171.89	99544.06	107.7260	-6.9341
77	23	6517	1.11	1892	863	0.00	0.00	0.00	14.11	57.06	0.00	0.00	0.00	71.78	0.00	0.00	593.45	6.67	485.81	8418.45	107.7229	-6.9738
68	24	7370	1.26	1756	1172	19.61	5.26	0.00	14.41	30.33	30.39	0.00	29.28	37.30	33.42	0.00	4856.32	7.43	677.20	96030.33	107.7052	-6.9116
65	25	6040	1.03	1948	1124	27.03	27.61	0.00	13.49	16.62	11.33	0.00	40.43	25.37	29.49	0.00	10524.38	0.18	19.45	5978.18	107.8222	-6.9611
73	26	7710	1.31	3040	2287	19.88	29.96	0.00	12.17	26.44	9.72	0.00	41.67	10.59	47.43	0.00	17370.40	9.65	959.84	486846.05	107.8211	-7.0269
21	27	7207	1.23	2484	1777	49.63	0.00	5.09	0.98	19.10	9.95	0.00	0.00	0.00	92.27	0.00	577.04	11.11	1332.25	217308.96	107.2960	-6.8831
11	28	5964	1.02	3872	1885	0.00	0.00	0.00	14.95	46.73	27.10	0.00	0.00	0.00	91.59	0.00	2360.79	4.79	503.04	34677.11	107.2949	-6.8246
26	29	4396	0.75	2848	596	48.44	0.00	0.00	0.00	38.55	3.80	0.00	0.00	25.81	65.29	0.00	6896.03	13.70	1180.29	237668.88	107.3119	-6.9339
52	30	5080	0.87	3392	1769	4.89	8.91	0.00	0.00	86.21	0.00	0.00	0.00	3.45	96.55	0.00	1078.22	1.68	218.96	6893.86	107.2955	-6.9825
61	31	2938	0.50	2784	2012	11.04	11.28	0.00	0.00	56.79	14.40	0.00	0.00	38.13	54.43	0.00	3961.76	2.05	201.13	23267.03	107.3332	-6.9844
14	32	6954	1.19	3320	1952	0.35	10.79	0.00	5.53	36.24	34.44	0.00	0.00	41.15	47.10	0.00	3700.50	9.47	939.94	101564.38	107.3661	-6.9876
28	33	7259	1.24	1776	1502	0.61	15.67	0.00	0.84	31.64	38.40	0.00	0.00	40.63	47.77	0.00	3566.63	4.66	536.50	55873.68	107.3932	-6.9886
29	34	3493	0.60	2476	2526	7.75	11.90	0.00	6.60	48.61	0.00	0.00	0.00	40.97	35.26	0.00	3828.46	7.33	910.20	101752.74	107.4157	-7.0149
56	35	5454	0.93	2476	822	38.36	30.29	0.00	1.57	17.31	3.87	0.00	0.00	65.29	29.01	0.00	8320.18	5.08	726.34	110952.26	107.4567	-7.0116
39	36	4727	0.81	1536	0	5.35	14.80	0.00	5.41	42.80	0.00	0.00	0.00	69.13	0.00	0.00	5602.19	22.26	2789.76	0.00	107.4708	-6.9444
83	37	7010	1.20	1004	2100	0.00	0.00	0.00	15.57	37.54	15.69	0.00	0.00	67.31	0.00	0.00	2093.79	22.74	3400.80	207920.34	107.4863	-6.9111
46	38	21626	3.69	4816	6015	0.00	0.00	0.00	22.29	9.61	59.61	0.00	0.00	3.94	89.16	0.00	2682.84	26.33	2437.87	190979.88	107.6464	-7.0208
9	39	8992	1.53	3028	975	34.03	0.00	0.00	9.81	6.68	49.48	0.00	0.00	0.00	100.00	0.00	1554.77	4.80	399.75	18148.37	107.6213	-7.0360
1	40	6824	1.16	3930	1300	33.27	0.00	0.00	5.62	12.87	48.24	0.00	24.21	0.00	75.79	0.00	2892.98	7.61	880.74	74400.33	107.6228	-7.0747
66	41	9184	1.57	1464	1300	7.00	0.00	0.00	15.00	51.75	26.25	0.00	7.25	0.00	92.75	0.00	1759.16	2.97	310.24	15936.29	107.5970	-7.0695
70	42	7994	1.36	3392	2275	0.00	0.00	0.00	25.28	74.72	0.00	0.00	0.00	0.00	100.00	0.00	1326.66	3.84	312.27	12097.03	107.5777	-7.0689
57	43	6431	1.10	4268	1140	48.29	0.00	0.00	4.01	16.04	31.66	0.00	70.31	0.00	29.69	0.00	3991.69	2.82	381.63	44482.07	107.5865	-7.1134
82	44	8586	1.46	3452	2100	27.46	5.99	20.81	2.09	0.00	37.24	0.00	99.90	0.00	0.00	0.00	10382.87	6.17	1085.17	329000.93	107.5675	-7.1867
92	45	9717	1.66	2586	2086	11.33	6.96	0.00	24.62	24.29	28.72	0.00	10.70	27.36	57.42	0.00	2533.75	7.01	741	56154	107.5853	-7.0119
54	46	7857	1.34	3392	2626	30.46	5.61	0.87	5.42	7.83	49.81	0.00	63.59	0.00	36.41	0.00	5341.46	5.39	936.64	146088.50	107.5521	-7.1227
67	47	6836	1.17	4816	1425	7.57	0.00	0.00	2.30	5.47	83.36	0.00	27.02	1.49	71.23	0.00	14116.14	5.91	763.44	314685.01	107.6747	-7.1012
50	48	8662	1.48	2552	2132	15.70	0.00	0.00	7.40	28.25	41.50	0.00	34.21	10.96	49.22	0.00	11201.80	8.00	902.25	295118.58	107.7418	-7.0918
43	49	7774	1.33	1788	1633	6.86	75.62	3.99	9.43	0.00	1.21	0.00	19.85	0.00	79.51	0.00	11656.42	7.19	672.66	228951.39	107.4683	-6.7936
59	50	5401	0.92	2220	1801	1.98	15.92	11.50	9.56	37.79	13.94	0.00	5.17	0.00	86.56	0.00	12700.94	5.41	1007.50	373649.90	107.4276	-6.7161
10	51	3998	0.68	2204	975	22.69	6.90	22.34	2.71	10.35	3.90	0.00	0.00	0.00	77.79	0.00	9383.08	6.82	879.19	240885.91	107.3581	-6.7633
15	52	7900	1.35	1266	2200	2.54	23.03	0.00	13.04	26.86	16.13	0.00	5.61	34.07	49.45	0.00	13804.11	6.70	1906.00	768270.12	107.4694	-6.8577
53	53	11607	1.98	2416	3581	1.27	6.61	12.45	1.82	10.58	6.78	0.00	0.00	0.00	86.56	0.00	4047.31	3.41	754.81	89204.61	107.3664	-6.8517
63	54	5515	0.94	2352	975	22.93	7.07	8.80	4.13	17.47	17.40	0.00	0.00	0.00	87.20	0.00	3347.49	7.54	996.99	97452.95	107.3553	-6.8113
88	55	4172	0.71	2260	1700	26.87	22.47	21.76	1.07	13.38	0.00	0.00	7.23	23.71	52.83	0.00	11661.31	3.20	936.49	199590.21	107.2793	-6.6904
20	56	9025	1.54	1012	2032	34.61	51.70	0.00	2.55	10.97	0.00	0.00	99.91	0.00	0.00	0.00	2941.94	4.83	1151.97	98959.95	107.0550	-6.7511
4	57	7232	1.23	1940	2367	47.04	20.47	2.08	1.12	8.93	14.18	0.00	81.76	18.12	0.00	0.00	6125.45	1.83	448.28	80180.22	107.0366	-6.7150
19	58	10016	1.71	1144	1700	27.49	45.70	0.00	14.26	11.51	0.00	0.00	99.66	0.00	0.00	0.00	2956.35	2.77	657.52	56760.32	107.0357	-6.7352
48	59	3747	0.64	1364	1536	19.15	0.00	61.50	6.38	9.67	0.00	0.00	0.00	3.00	92.49	0.00	2664.96	3.49	382.10	29734.16	107.2262	-6.6977
5	60	5320	0.91	1828	1467	14.03	23.61	28.78	2.31	23.82	0.48	0.00	8.32	54.07	35.66	0.00	7010.68	5.14	919.11	188153.21	107.1697	-6.7145
16	61	10881	1.86	3664	3038	45.27	24.89	1.30	14.66	10.91	0.60	0.00	64.82	11.28	22.07	0.00	7808.07	2.60	566.86	129242.21	107.5622	-6.8265
85	62	11638	1.98	2392	4268	0.00	0.00	0.00	31.56	46.22	0.00	0.00	0.00	74.67	1.78	0.00	1706.96	10.34	1438.60	71704.43	107.5458	-6.9331
40	63	8894	1.52	2392	1947	31.97	46.43	0.04	19.32	0.91	0.77	0.00	95.88	2.03	1.44	0.00	5844.96	5.40	708.32	120890.95	107.5905	-6.8457
32	64	7060	1.20	1864	1197	50.44	27.20	0.00	3.09	0.00	18.52	0.00	83.69	0.00	14.86	0.00	7888.27	4.07	724.13	166793.70	107.6717	-6.8188
81	65	7913	1.35	1644	1500	18.47	4.62	0.00	25.94	15.11	34.83	0.00	31.19	43.27	24.69	0.00	5658.14	5.65	662.89	109521.40	107.6790	-6.9007
41	66	9716	1.66	1200	1061	0.00	0.00	0.00	35.19	29.48	25.50	0.00	0.00	84.86	0.00	0.00	2505.52	7.28	878.30	64257.45	107.5742	-6.9568
84	67	9936	1.69	960	4381	0.00	0.00	0.00	68.41	17.16	1.99	0.00	0.00	76.37	10.20	0.00	3311.09	7.82	535.62	51785.94	107.5969	-6.9018
17	68	9733	1.66	1644	891	3.03	1.98	0.00	59.87	11.71	18.00	0.00	7.75	65.64	20.56	0.00	6558.94	3.55	345.03	66079.59	107.6430	-6.9141
75	69	10581	1.80	1200	965	0.00	0.00	0.00	49.50	9.93	30.96	0.00	15.89	35.93	39.40	0.00	3660.76	7.15	802.08	85738.21	107.6215	-6.9469
90	70	10881	1.86	3664	3038	45.27	24.89	1.30	14.66	10.91	0.60	0.00	64.82	11.28	22.07	0.00	7808.07	2.60	566.86	129242.21	107.3560	-7.0750
12	71	5870	1.00	3740	1150	40.65	3.91	1.08	0.42	31.30	9.91	0.00	23.29	13.76	31.65	24.85	9278.65	1.35	399.54	82426.03	107.2210	-7.0758
74	72	4868	0.83	5356	1592	19.09	12.55	0.00	0.00	11.45	51.36	0.00	0.00	94.45	0.00	0.00	3159.07	1.00	325.61	30035.88	107.1549	-7.0412
62	73	4172	0.71	2260	1700	26.87	22.47	21.76	1.07	13.38	0.00	0.00	7.23	23.71	52.83	0.00	11661.31	3.20	936.49	199590.21	107.2527	-7.0278
86	74	5454	0.93	2476	822	38.36	30.29	0.00	1.57	17.31	3.87	0.00	0.00	65.29	29.01	0.00	8320.18	5.08	726.34	110952.26	107.2079	-6.9902
87	75	5454	0.93	2476	822	38.36	30.29	0.00	1.57	17.31	3.87	0.00	0.00	65.29	29.01	0.00	8320.18	5.08	726.34	110952.26	107.2365	-6.9777
64	76	6314	1.08	1904	950	93.88	0.00	0.00	0.00	2.07	0.00	0.00	0.00	39.94	57.68	0.00	2076.17	5.43	762.58	46230.75	107.2462	-6.9501
58	77	4479	0.76	4628	1570	27.34	14.40	0.00	0.00	26.26	32.01	0.00	0.00	75.19	24.81	0.00	2716.25	1.58	390.56	30976.76	107.1701	-6.9949
35	78	4546	0.78	4128	1503	36.74	12.02	0.00	0.00	0.00	39.64	0.00	0.00	98.34	0.00	0.00	4863.50	1.19	278.87	39602.97	107.0957	-7.0262
80	79	5161	0.88	3548	2970	24.28	6.41	0.00	0.00	1.52	62.83	0.00	72.14	23.24	2.76	0.00	4272.86	2.11	555.83	0.00	107.0765	-6.9435
37	80	4107	0.70	2792	1076	0.00	0.00	0.00	0.00	68.65	0.00	43.58	0.00	0.00	26.45	0.00	1491.45	4.54	591.80	25773.18	107.2097	-6.8517
49	81	5488	0.94	2792	1664	11.84	0.00	0.00	5.90	51.83	9.10	17.11	0.00	0.00	63.84	0.00	6463.54	5.72	812.76	153397.24	107.2574	-6.8408
33	82	5497	0.94	3864	1875	54.66	0.00	7.01	1.29	22.14	0.00	18.10	0.00	0.00	67.30	0.00	3659.65	3.17	495.41	52940.88	107.2142	-6.9169
42	83	5339	0.91	1464	1425	59.28	0.00	0.00	0.96	25.93	7.32	17.41	0.00	8.53	67.36	0.00	3078.22	4.68	985.38	88569.85	107.1654	-6.9474
47	84	6578	1.12	4120	1504	27.66	6.08	0.00	0.83	14.60	47.12	0.00	0.00	26.76	68.25	0.00	2948.85	4.25	1058.41	91135.83	107.1220	-6.9757
72	85	5417	0.92	4628	600	7.66	0.00	0.00	9.91	46.75	31.35	16.64	62.15	0.00	14.09	0.00	3611.10	2.59	580.28	61187.46	107.1368	-6.9187
71	86	3391	0.58	5758	1076	0.00	0.00	5.50	0.00	81.68	0.00	79.06	1.05	0.00	1.83	0.00	1981.65	0.51	71.77	4152.77	107.1855	-6.8806
7	87	4372	0.75	1540	698	3.76	2.20	59.14	0.00	14.23	11.02	19.38	0.00	67.95	1.84	0.00	2928.07	6.15	725.53	62032.86	107.2155	-6.7445
55	88	4502	0.77	1160	1739	46.87	0.00	19.01	4.11	11.89	16.81	2.73	87.75	5.84	0.00	0.00	10221.09	1.91	484.63	144641.50	107.0622	-6.8636
51	89	6220	1.06	2436	1257	8.55	0.00	0.00	14.80	65.95	0.00	55.43	0.00	21.38	2.15	0.00	4604.77	3.64	426.41	57335.22	107.2025	-6.8102
3	90	5316	0.91	2415	1300	51.62	10.05	20.51	2.40	9.37	0.18	4.59	30.19	61.50	0.23	0.00	14406.47	3.47	700.23	294564.43	107.1294	-6.7783
23	91	5579	0.95	2708	1069	53.22	1.07	53.22	3.43	28.22	10.52	3.00	30.36	65.99	0.00	0.00	6293.50	1.14	228.17	41931.49	107.1053	-6.8267
8	92	5676	0.97	2860	1973	0.00	0.00	2.35	17.94	62.94	16.76	45.59	34.71	19.71	0.00	0.00	2580.69	2.70	384.69	28988.59	107.1246	-6.8553
